000 000 000 111     7    7    1
000 000 001 110    14    7    1
000 000 010 101    21    7    1
000 000 011 100    28    7    1
000 000 100 011    35    7    1
000 000 101 010    42    7    1
000 000 110 001    49    7    1
000 000 111 000    56    7    1
000 001 000 110    70   14    2
000 001 010 100    84   14    2
000 001 100 010    98   14    2
000 001 110 000   112   14    2
000 010 000 101   133   21    3
000 010 001 100   140    7    1
000 010 100 001   161   21    3
000 010 101 000   168    7    1
000 011 000 100   196   28    4
000 011 100 000   224   28    4
000 100 000 011   259   35    5
000 100 001 010   266    7    1
000 100 010 001   273    7    1
000 100 011 000   280    7    1
000 101 000 010   322   42    6
000 101 010 000   336   14    2
000 110 000 001   385   49    7
000 110 001 000   392    7    1
000 111 000 000   448   56    8
001 000 000 110   518   70   10
001 000 010 100   532   14    2
001 000 100 010   546   14    2
001 000 110 000   560   14    2
001 010 000 100   644   84   12
001 010 100 000   672   28    4
001 100 000 010   770   98   14
001 100 010 000   784   14    2
001 110 000 000   896  112   16
010 000 000 101  1029  133   19
010 000 001 100  1036    7    1
010 000 100 001  1057   21    3
010 000 101 000  1064    7    1
010 001 000 100  1092   28    4
010 001 100 000  1120   28    4
010 100 000 001  1281  161   23
010 100 001 000  1288    7    1
010 101 000 000  1344   56    8
011 000 000 100  1540  196   28
011 000 100 000  1568   28    4
011 100 000 000  1792  224   32
100 000 000 011  2051  259   37
100 000 001 010  2058    7    1
100 000 010 001  2065    7    1
100 000 011 000  2072    7    1
100 001 000 010  2114   42    6
100 001 010 000  2128   14    2
100 010 000 001  2177   49    7
100 010 001 000  2184    7    1
100 011 000 000  2240   56    8
101 000 000 010  2562  322   46
101 000 010 000  2576   14    2
101 010 000 000  2688  112   16
110 000 000 001  3073  385   55
110 000 001 000  3080    7    1
110 001 000 000  3136   56    8
111 000 000 000  3584  448   64
